timeStamp,elapsed,label,responseCode,responseMessage,threadName,dataType,success,failureMessage,bytes,sentBytes,grpThreads,allThreads,URL,Latency,IdleTime,Connect
1742395836471,160,HTTP Request,200,OK,Thread Group 1-1,text,true,,419,171,1,1,http://20.0.112.94:8080/function/openazure-java11-password?password=123456,160,0,18
1742395836632,224,HTTP Request,200,OK,Thread Group 1-1,text,true,,419,171,1,1,http://20.0.112.94:8080/function/openazure-java11-password?password=123456,224,0,0
1742395836857,409,HTTP Request,200,OK,Thread Group 1-1,text,true,,419,171,1,1,http://20.0.112.94:8080/function/openazure-java11-password?password=123456,409,0,0
1742395837267,126,HTTP Request,200,OK,Thread Group 1-1,text,true,,419,171,1,1,http://20.0.112.94:8080/function/openazure-java11-password?password=123456,126,0,0
1742395837394,142,HTTP Request,200,OK,Thread Group 1-1,text,true,,419,171,1,1,http://20.0.112.94:8080/function/openazure-java11-password?password=123456,142,0,0
1742395837538,105,HTTP Request,200,OK,Thread Group 1-1,text,true,,419,171,1,1,http://20.0.112.94:8080/function/openazure-java11-password?password=123456,105,0,0
1742395837644,137,HTTP Request,200,OK,Thread Group 1-1,text,true,,419,171,1,1,http://20.0.112.94:8080/function/openazure-java11-password?password=123456,137,0,0
1742395837782,95,HTTP Request,200,OK,Thread Group 1-1,text,true,,419,171,1,1,http://20.0.112.94:8080/function/openazure-java11-password?password=123456,95,0,0
1742395837877,132,HTTP Request,200,OK,Thread Group 1-1,text,true,,419,171,1,1,http://20.0.112.94:8080/function/openazure-java11-password?password=123456,132,0,0
1742395838010,142,HTTP Request,200,OK,Thread Group 1-1,text,true,,419,171,1,1,http://20.0.112.94:8080/function/openazure-java11-password?password=123456,142,0,0
1742395838153,131,HTTP Request,200,OK,Thread Group 1-1,text,true,,419,171,1,1,http://20.0.112.94:8080/function/openazure-java11-password?password=123456,131,0,0
1742395838285,90,HTTP Request,200,OK,Thread Group 1-1,text,true,,419,171,1,1,http://20.0.112.94:8080/function/openazure-java11-password?password=123456,90,0,0
1742395838376,132,HTTP Request,200,OK,Thread Group 1-1,text,true,,419,171,1,1,http://20.0.112.94:8080/function/openazure-java11-password?password=123456,132,0,0
1742395838509,115,HTTP Request,200,OK,Thread Group 1-1,text,true,,419,171,1,1,http://20.0.112.94:8080/function/openazure-java11-password?password=123456,115,0,0
1742395838625,237,HTTP Request,200,OK,Thread Group 1-1,text,true,,419,171,1,1,http://20.0.112.94:8080/function/openazure-java11-password?password=123456,237,0,0
1742395838863,120,HTTP Request,200,OK,Thread Group 1-1,text,true,,419,171,1,1,http://20.0.112.94:8080/function/openazure-java11-password?password=123456,120,0,0
1742395838984,101,HTTP Request,200,OK,Thread Group 1-1,text,true,,419,171,1,1,http://20.0.112.94:8080/function/openazure-java11-password?password=123456,101,0,0
1742395839086,100,HTTP Request,200,OK,Thread Group 1-1,text,true,,419,171,1,1,http://20.0.112.94:8080/function/openazure-java11-password?password=123456,100,0,0
1742395839186,116,HTTP Request,200,OK,Thread Group 1-1,text,true,,419,171,1,1,http://20.0.112.94:8080/function/openazure-java11-password?password=123456,116,0,0
1742395839302,126,HTTP Request,200,OK,Thread Group 1-1,text,true,,419,171,1,1,http://20.0.112.94:8080/function/openazure-java11-password?password=123456,126,0,0
1742395839429,79,HTTP Request,200,OK,Thread Group 1-1,text,true,,419,171,1,1,http://20.0.112.94:8080/function/openazure-java11-password?password=123456,78,0,0
1742395839508,90,HTTP Request,200,OK,Thread Group 1-1,text,true,,419,171,1,1,http://20.0.112.94:8080/function/openazure-java11-password?password=123456,90,0,0
1742395839599,121,HTTP Request,200,OK,Thread Group 1-1,text,true,,419,171,1,1,http://20.0.112.94:8080/function/openazure-java11-password?password=123456,121,0,0
1742395839731,96,HTTP Request,200,OK,Thread Group 1-1,text,true,,419,171,1,1,http://20.0.112.94:8080/function/openazure-java11-password?password=123456,96,0,0
1742395839828,77,HTTP Request,200,OK,Thread Group 1-1,text,true,,419,171,1,1,http://20.0.112.94:8080/function/openazure-java11-password?password=123456,77,0,0
1742395839906,122,HTTP Request,200,OK,Thread Group 1-1,text,true,,419,171,1,1,http://20.0.112.94:8080/function/openazure-java11-password?password=123456,122,0,0
1742395840029,86,HTTP Request,200,OK,Thread Group 1-1,text,true,,419,171,1,1,http://20.0.112.94:8080/function/openazure-java11-password?password=123456,86,0,0
1742395840116,86,HTTP Request,200,OK,Thread Group 1-1,text,true,,419,171,1,1,http://20.0.112.94:8080/function/openazure-java11-password?password=123456,86,0,0
1742395840203,162,HTTP Request,200,OK,Thread Group 1-1,text,true,,419,171,1,1,http://20.0.112.94:8080/function/openazure-java11-password?password=123456,161,0,0
1742395840365,86,HTTP Request,200,OK,Thread Group 1-1,text,true,,419,171,1,1,http://20.0.112.94:8080/function/openazure-java11-password?password=123456,86,0,0
1742395840452,95,HTTP Request,200,OK,Thread Group 1-1,text,true,,419,171,1,1,http://20.0.112.94:8080/function/openazure-java11-password?password=123456,95,0,0
1742395840548,132,HTTP Request,200,OK,Thread Group 1-1,text,true,,419,171,1,1,http://20.0.112.94:8080/function/openazure-java11-password?password=123456,132,0,0
1742395840681,133,HTTP Request,200,OK,Thread Group 1-1,text,true,,419,171,1,1,http://20.0.112.94:8080/function/openazure-java11-password?password=123456,133,0,0
1742395840815,84,HTTP Request,200,OK,Thread Group 1-1,text,true,,419,171,1,1,http://20.0.112.94:8080/function/openazure-java11-password?password=123456,84,0,0
1742395840899,72,HTTP Request,200,OK,Thread Group 1-1,text,true,,419,171,1,1,http://20.0.112.94:8080/function/openazure-java11-password?password=123456,71,0,0
1742395840971,84,HTTP Request,200,OK,Thread Group 1-1,text,true,,419,171,1,1,http://20.0.112.94:8080/function/openazure-java11-password?password=123456,84,0,0
1742395841055,129,HTTP Request,200,OK,Thread Group 1-1,text,true,,419,171,1,1,http://20.0.112.94:8080/function/openazure-java11-password?password=123456,129,0,0
1742395841185,100,HTTP Request,200,OK,Thread Group 1-1,text,true,,419,171,1,1,http://20.0.112.94:8080/function/openazure-java11-password?password=123456,100,0,0
1742395841286,73,HTTP Request,200,OK,Thread Group 1-1,text,true,,419,171,1,1,http://20.0.112.94:8080/function/openazure-java11-password?password=123456,73,0,0
1742395841359,76,HTTP Request,200,OK,Thread Group 1-1,text,true,,419,171,1,1,http://20.0.112.94:8080/function/openazure-java11-password?password=123456,75,0,0
1742395841436,116,HTTP Request,200,OK,Thread Group 1-1,text,true,,419,171,1,1,http://20.0.112.94:8080/function/openazure-java11-password?password=123456,116,0,0
1742395841553,63,HTTP Request,200,OK,Thread Group 1-1,text,true,,419,171,1,1,http://20.0.112.94:8080/function/openazure-java11-password?password=123456,63,0,0
1742395841617,70,HTTP Request,200,OK,Thread Group 1-1,text,true,,419,171,1,1,http://20.0.112.94:8080/function/openazure-java11-password?password=123456,70,0,0
1742395841688,210,HTTP Request,200,OK,Thread Group 1-1,text,true,,419,171,1,1,http://20.0.112.94:8080/function/openazure-java11-password?password=123456,210,0,0
1742395841898,66,HTTP Request,200,OK,Thread Group 1-1,text,true,,419,171,1,1,http://20.0.112.94:8080/function/openazure-java11-password?password=123456,66,0,0
1742395841965,76,HTTP Request,200,OK,Thread Group 1-1,text,true,,419,171,1,1,http://20.0.112.94:8080/function/openazure-java11-password?password=123456,76,0,0
1742395842041,76,HTTP Request,200,OK,Thread Group 1-1,text,true,,419,171,1,1,http://20.0.112.94:8080/function/openazure-java11-password?password=123456,76,0,0
1742395842118,110,HTTP Request,200,OK,Thread Group 1-1,text,true,,419,171,1,1,http://20.0.112.94:8080/function/openazure-java11-password?password=123456,110,0,0
1742395842246,73,HTTP Request,200,OK,Thread Group 1-1,text,true,,419,171,1,1,http://20.0.112.94:8080/function/openazure-java11-password?password=123456,73,0,0
1742395842319,86,HTTP Request,200,OK,Thread Group 1-1,text,true,,419,171,1,1,http://20.0.112.94:8080/function/openazure-java11-password?password=123456,86,0,0
